28305 2 2 7 46 3669 3670 3671
28306 2 2 7 46 3669 3671 3672
28307 2 2 7 46 3670 3671 3673
28308 2 2 7 46 3670 3673 3674
28309 2 2 7 46 3671 3672 3681
28310 2 2 7 46 3671 3681 3682
28311 2 2 7 46 3671 3673 3682
28312 2 2 7 46 3673 3682 3683
28313 2 2 7 46 3674 3692 3693
28314 2 2 7 46 3673 3674 3693
28315 2 2 7 46 3692 3693 3694
28316 2 2 7 46 3692 3694 3695
28317 2 2 7 46 3673 3683 3693
28318 2 2 7 46 3683 3693 3700
28319 2 2 7 46 3693 3694 3700
28320 2 2 7 46 3694 3700 3701
28321 2 2 7 46 3695 3711 3712
28322 2 2 7 46 3694 3695 3712
28323 2 2 7 46 3694 3701 3712
28324 2 2 7 46 3701 3712 3724
28325 2 2 7 46 3681 3682 3731
28326 2 2 7 46 3681 3731 3732
28327 2 2 7 46 3682 3731 3733
28328 2 2 7 46 3682 3683 3733
28329 2 2 7 46 3731 3732 3740
28330 2 2 7 46 3731 3740 3741
28331 2 2 7 46 3731 3733 3741
28332 2 2 7 46 3733 3741 3742
28333 2 2 7 46 3683 3700 3747
28334 2 2 7 46 3683 3733 3747
28335 2 2 7 46 3700 3747 3748
28336 2 2 7 46 3700 3701 3748
28337 2 2 7 46 3733 3742 3747
28338 2 2 7 46 3742 3747 3753
28339 2 2 7 46 3747 3748 3753
28340 2 2 7 46 3748 3753 3754
28341 2 2 7 46 3701 3724 3759
28342 2 2 7 46 3701 3748 3759
28343 2 2 7 46 3748 3754 3759
28344 2 2 7 46 3754 3759 3769
28345 2 2 7 46 3740 3741 3780
28346 2 2 7 46 3741 3780 3784
28347 2 2 7 46 3742 3753 3794
28348 2 2 7 46 3754 3805 3806
28349 2 2 7 46 3754 3769 3806
28350 2 2 7 46 3741 3742 4556
28351 2 2 7 46 3741 3784 4556
28352 2 2 7 46 3742 3794 4556
28353 2 2 7 46 4586 4587 4588
28354 2 2 7 46 4586 4588 4589
28355 2 2 7 46 4587 4588 4590
28356 2 2 7 46 4587 4590 4591
28357 2 2 7 46 4588 4589 4598
28358 2 2 7 46 4588 4598 4599
28359 2 2 7 46 4588 4590 4599
28360 2 2 7 46 4590 4599 4600
28361 2 2 7 46 4591 4609 4610
28362 2 2 7 46 4590 4591 4610
28363 2 2 7 46 4609 4610 4611
28364 2 2 7 46 4609 4611 4612
28365 2 2 7 46 4590 4600 4610
28366 2 2 7 46 4600 4610 4617
28367 2 2 7 46 4610 4611 4617
28368 2 2 7 46 4611 4617 4618
28369 2 2 7 46 4612 4628 4629
28370 2 2 7 46 4611 4612 4629
28371 2 2 7 46 4611 4618 4629
28372 2 2 7 46 4618 4629 4641
28373 2 2 7 46 4598 4599 4648
28374 2 2 7 46 4598 4648 4649
28375 2 2 7 46 4599 4648 4650
28376 2 2 7 46 4599 4600 4650
28377 2 2 7 46 4648 4649 4657
28378 2 2 7 46 4648 4657 4658
28379 2 2 7 46 4648 4650 4658
28380 2 2 7 46 4650 4658 4659
28381 2 2 7 46 4600 4617 4664
28382 2 2 7 46 4600 4650 4664
28383 2 2 7 46 4617 4664 4665
28384 2 2 7 46 4617 4618 4665
28385 2 2 7 46 4650 4659 4664
28386 2 2 7 46 4659 4664 4670
28387 2 2 7 46 4664 4665 4670
28388 2 2 7 46 4665 4670 4671
28389 2 2 7 46 4618 4641 4676
28390 2 2 7 46 4618 4665 4676
28391 2 2 7 46 4665 4671 4676
28392 2 2 7 46 4671 4676 4686
28393 2 2 7 46 4657 4658 4694
28394 2 2 7 46 4658 4694 4698
28395 2 2 7 46 4659 4670 4708
28396 2 2 7 46 4671 4719 4720
28397 2 2 7 46 4671 4686 4720
28398 2 2 7 46 4658 4659 5437
28399 2 2 7 46 4658 4698 5437
28400 2 2 7 46 4659 4708 5437
28401 2 2 7 46 5467 5468 5469
28402 2 2 7 46 5467 5469 5470
28403 2 2 7 46 5468 5469 5471
28404 2 2 7 46 5468 5471 5472
28405 2 2 7 46 5469 5470 5479
28406 2 2 7 46 5469 5479 5480
28407 2 2 7 46 5469 5471 5480
28408 2 2 7 46 5471 5480 5481
28409 2 2 7 46 5472 5490 5491
28410 2 2 7 46 5471 5472 5491
28411 2 2 7 46 5490 5491 5492
28412 2 2 7 46 5490 5492 5493
28413 2 2 7 46 5471 5481 5491
28414 2 2 7 46 5481 5491 5498
28415 2 2 7 46 5491 5492 5498
28416 2 2 7 46 5492 5498 5499
28417 2 2 7 46 5493 5509 5510
28418 2 2 7 46 5492 5493 5510
28419 2 2 7 46 5492 5499 5510
28420 2 2 7 46 5499 5510 5522
28421 2 2 7 46 5479 5480 5529
28422 2 2 7 46 5479 5529 5530
28423 2 2 7 46 5480 5529 5531
28424 2 2 7 46 5480 5481 5531
28425 2 2 7 46 5529 5530 5538
28426 2 2 7 46 5529 5538 5539
28427 2 2 7 46 5529 5531 5539
28428 2 2 7 46 5531 5539 5540
28429 2 2 7 46 5481 5498 5545
28430 2 2 7 46 5481 5531 5545
28431 2 2 7 46 5498 5545 5546
28432 2 2 7 46 5498 5499 5546
28433 2 2 7 46 5531 5540 5545
28434 2 2 7 46 5540 5545 5551
28435 2 2 7 46 5545 5546 5551
28436 2 2 7 46 5546 5551 5552
28437 2 2 7 46 5499 5522 5557
28438 2 2 7 46 5499 5546 5557
28439 2 2 7 46 5546 5552 5557
28440 2 2 7 46 5552 5557 5567
28441 2 2 7 46 5538 5539 5575
28442 2 2 7 46 5539 5575 5578
28443 2 2 7 46 5540 5551 5587
28444 2 2 7 46 5552 5598 5599
28445 2 2 7 46 5552 5567 5599
28446 2 2 7 46 5539 5540 6324
28447 2 2 7 46 5539 5578 6324
28448 2 2 7 46 5540 5587 6324
28449 2 2 7 46 6354 6355 6356
28450 2 2 7 46 6354 6356 6357
28451 2 2 7 46 6355 6356 6358
28452 2 2 7 46 6355 6358 6359
28453 2 2 7 46 6356 6357 6366
28454 2 2 7 46 6356 6366 6367
28455 2 2 7 46 6356 6358 6367
28456 2 2 7 46 6358 6367 6368
28457 2 2 7 46 6359 6377 6378
28458 2 2 7 46 6358 6359 6378
28459 2 2 7 46 6377 6378 6379
28460 2 2 7 46 6377 6379 6380
28461 2 2 7 46 6358 6368 6378
28462 2 2 7 46 6368 6378 6385
28463 2 2 7 46 6378 6379 6385
28464 2 2 7 46 6379 6385 6386
28465 2 2 7 46 6380 6396 6397
28466 2 2 7 46 6379 6380 6397
28467 2 2 7 46 6379 6386 6397
28468 2 2 7 46 6386 6397 6409
28469 2 2 7 46 6366 6367 6416
28470 2 2 7 46 6366 6416 6417
28471 2 2 7 46 6367 6416 6418
28472 2 2 7 46 6367 6368 6418
28473 2 2 7 46 6416 6417 6425
28474 2 2 7 46 6416 6425 6426
28475 2 2 7 46 6416 6418 6426
28476 2 2 7 46 6418 6426 6427
28477 2 2 7 46 6368 6385 6432
28478 2 2 7 46 6368 6418 6432
28479 2 2 7 46 6385 6432 6433
28480 2 2 7 46 6385 6386 6433
28481 2 2 7 46 6418 6427 6432
28482 2 2 7 46 6427 6432 6438
28483 2 2 7 46 6432 6433 6438
28484 2 2 7 46 6433 6438 6439
28485 2 2 7 46 6386 6409 6444
28486 2 2 7 46 6386 6433 6444
28487 2 2 7 46 6433 6439 6444
28488 2 2 7 46 6439 6444 6454
28489 2 2 7 46 6425 6426 6461
28490 2 2 7 46 6426 6461 6464
28491 2 2 7 46 6427 6438 6473
28492 2 2 7 46 6439 6484 6485
28493 2 2 7 46 6439 6454 6485
28494 2 2 7 46 6426 6427 7180
28495 2 2 7 46 6426 6464 7180
28496 2 2 7 46 6427 6473 7180