MFC_1 2
1020 1 1.0
69 1 -1.0
0.0

MFC_2 2
1021 1 1.0
70 1 -1.0
0.0

MFC_3 2
1027 1 1.0
76 1 -1.0
0.0

MFC_4 2
1031 1 1.0
80 1 -1.0
0.0

MFC_5 2
1032 1 1.0
81 1 -1.0
0.0

MFC_6 2
1035 1 1.0
84 1 -1.0
0.0

MFC_7 2
1066 1 1.0
115 1 -1.0
0.0

MFC_8 2
1067 1 1.0
116 1 -1.0
0.0

MFC_9 2
1073 1 1.0
126 1 -1.0
0.0

MFC_10 2
1106 1 1.0
160 1 -1.0
0.0

MFC_11 2
1108 1 1.0
162 1 -1.0
0.0

MFC_12 2
1109 1 1.0
163 1 -1.0
0.0

MFC_13 2
1110 1 1.0
164 1 -1.0
0.0

MFC_14 2
1120 1 1.0
174 1 -1.0
0.0

MFC_15 2
1121 1 1.0
175 1 -1.0
0.0

MFC_16 2
1156 1 1.0
210 1 -1.0
0.0

MFC_17 2
1157 1 1.0
211 1 -1.0
0.0

MFC_18 2
1165 1 1.0
219 1 -1.0
0.0

MFC_19 2
1287 1 1.0
341 1 -1.0
0.0

MFC_20 2
1288 1 1.0
342 1 -1.0
0.0

MFC_21 2
1289 1 1.0
343 1 -1.0
0.0

MFC_22 2
1300 1 1.0
355 1 -1.0
0.0

MFC_23 2
1338 1 1.0
394 1 -1.0
0.0

MFC_24 2
1344 1 1.0
400 1 -1.0
0.0

MFC_25 2
1845 1 1.0
936 1 -1.0
0.0

MFC_26 2
2777 1 1.0
1861 1 -1.0
0.0

MFC_27 2
2779 1 1.0
1863 1 -1.0
0.0

MFC_28 2
2780 1 1.0
1864 1 -1.0
0.0

MFC_29 2
2781 1 1.0
1865 1 -1.0
0.0

MFC_30 2
2792 1 1.0
1876 1 -1.0
0.0

MFC_31 2
2797 1 1.0
1881 1 -1.0
0.0

MFC_32 2
2798 1 1.0
1882 1 -1.0
0.0

MFC_33 2
2801 1 1.0
1885 1 -1.0
0.0

MFC_34 2
2845 1 1.0
1929 1 -1.0
0.0

MFC_35 2
2846 1 1.0
1930 1 -1.0
0.0

MFC_36 2
2852 1 1.0
1936 1 -1.0
0.0

MFC_37 2
2856 1 1.0
1940 1 -1.0
0.0

MFC_38 2
2857 1 1.0
1941 1 -1.0
0.0

MFC_39 2
2860 1 1.0
1944 1 -1.0
0.0

MFC_40 2
2891 1 1.0
1975 1 -1.0
0.0

MFC_41 2
2892 1 1.0
1976 1 -1.0
0.0

MFC_42 2
2897 1 1.0
1983 1 -1.0
0.0

MFC_43 2
2927 1 1.0
2013 1 -1.0
0.0

MFC_44 2
2929 1 1.0
2015 1 -1.0
0.0

MFC_45 2
2930 1 1.0
2016 1 -1.0
0.0

MFC_46 2
2931 1 1.0
2017 1 -1.0
0.0

MFC_47 2
2941 1 1.0
2027 1 -1.0
0.0

MFC_48 2
2942 1 1.0
2028 1 -1.0
0.0

MFC_49 2
2977 1 1.0
2063 1 -1.0
0.0

MFC_50 2
2978 1 1.0
2064 1 -1.0
0.0

MFC_51 2
2986 1 1.0
2072 1 -1.0
0.0

MFC_52 2
3108 1 1.0
2194 1 -1.0
0.0

MFC_53 2
3109 1 1.0
2195 1 -1.0
0.0

MFC_54 2
3110 1 1.0
2196 1 -1.0
0.0

MFC_55 2
3121 1 1.0
2208 1 -1.0
0.0

MFC_56 2
3159 1 1.0
2247 1 -1.0
0.0

MFC_57 2
3165 1 1.0
2253 1 -1.0
0.0

MFC_58 2
3641 1 1.0
2761 1 -1.0
0.0

MFC_59 2
4574 1 1.0
3657 1 -1.0
0.0

MFC_60 2
4576 1 1.0
3659 1 -1.0
0.0

MFC_61 2
4577 1 1.0
3660 1 -1.0
0.0

MFC_62 2
4578 1 1.0
3661 1 -1.0
0.0

MFC_63 2
4589 1 1.0
3672 1 -1.0
0.0

MFC_64 2
4594 1 1.0
3677 1 -1.0
0.0

MFC_65 2
4595 1 1.0
3678 1 -1.0
0.0

MFC_66 2
4598 1 1.0
3681 1 -1.0
0.0

MFC_67 2
4642 1 1.0
3725 1 -1.0
0.0

MFC_68 2
4643 1 1.0
3726 1 -1.0
0.0

MFC_69 2
4649 1 1.0
3732 1 -1.0
0.0

MFC_70 2
4653 1 1.0
3736 1 -1.0
0.0

MFC_71 2
4654 1 1.0
3737 1 -1.0
0.0

MFC_72 2
4657 1 1.0
3740 1 -1.0
0.0

MFC_73 2
4688 1 1.0
3771 1 -1.0
0.0

MFC_74 2
4689 1 1.0
3772 1 -1.0
0.0

MFC_75 2
4695 1 1.0
3781 1 -1.0
0.0

MFC_76 2
4725 1 1.0
3811 1 -1.0
0.0

MFC_77 2
4727 1 1.0
3813 1 -1.0
0.0

MFC_78 2
4728 1 1.0
3814 1 -1.0
0.0

MFC_79 2
4729 1 1.0
3815 1 -1.0
0.0

MFC_80 2
4739 1 1.0
3825 1 -1.0
0.0

MFC_81 2
4740 1 1.0
3826 1 -1.0
0.0

MFC_82 2
4775 1 1.0
3861 1 -1.0
0.0

MFC_83 2
4776 1 1.0
3862 1 -1.0
0.0

MFC_84 2
4784 1 1.0
3870 1 -1.0
0.0

MFC_85 2
4906 1 1.0
3992 1 -1.0
0.0

MFC_86 2
4907 1 1.0
3993 1 -1.0
0.0

MFC_87 2
4908 1 1.0
3994 1 -1.0
0.0

MFC_88 2
4919 1 1.0
4006 1 -1.0
0.0

MFC_89 2
4957 1 1.0
4045 1 -1.0
0.0

MFC_90 2
4963 1 1.0
4051 1 -1.0
0.0

MFC_91 2
5441 1 1.0
4560 1 -1.0
0.0

MFC_92 2
6342 1 1.0
5455 1 -1.0
0.0

MFC_93 2
6344 1 1.0
5457 1 -1.0
0.0

MFC_94 2
6345 1 1.0
5458 1 -1.0
0.0

MFC_95 2
6346 1 1.0
5459 1 -1.0
0.0

MFC_96 2
6357 1 1.0
5470 1 -1.0
0.0

MFC_97 2
6362 1 1.0
5475 1 -1.0
0.0

MFC_98 2
6363 1 1.0
5476 1 -1.0
0.0

MFC_99 2
6366 1 1.0
5479 1 -1.0
0.0

MFC_100 2
6410 1 1.0
5523 1 -1.0
0.0

MFC_101 2
6411 1 1.0
5524 1 -1.0
0.0

MFC_102 2
6417 1 1.0
5530 1 -1.0
0.0

MFC_103 2
6421 1 1.0
5534 1 -1.0
0.0

MFC_104 2
6422 1 1.0
5535 1 -1.0
0.0

MFC_105 2
6425 1 1.0
5538 1 -1.0
0.0

MFC_106 2
6456 1 1.0
5569 1 -1.0
0.0

MFC_107 2
6457 1 1.0
5570 1 -1.0
0.0

MFC_108 2
6462 1 1.0
5576 1 -1.0
0.0

MFC_109 2
6490 1 1.0
5604 1 -1.0
0.0

MFC_110 2
6492 1 1.0
5606 1 -1.0
0.0

MFC_111 2
6493 1 1.0
5607 1 -1.0
0.0

MFC_112 2
6494 1 1.0
5608 1 -1.0
0.0

MFC_113 2
6504 1 1.0
5618 1 -1.0
0.0

MFC_114 2
6505 1 1.0
5619 1 -1.0
0.0

MFC_115 2
6540 1 1.0
5654 1 -1.0
0.0

MFC_116 2
6541 1 1.0
5655 1 -1.0
0.0

MFC_117 2
6549 1 1.0
5663 1 -1.0
0.0

MFC_118 2
6671 1 1.0
5785 1 -1.0
0.0

MFC_119 2
6672 1 1.0
5786 1 -1.0
0.0

MFC_120 2
6673 1 1.0
5787 1 -1.0
0.0

MFC_121 2
6684 1 1.0
5799 1 -1.0
0.0

MFC_122 2
6722 1 1.0
5838 1 -1.0
0.0

MFC_123 2
6728 1 1.0
5844 1 -1.0
0.0

MFC_124 2
7184 1 1.0
6328 1 -1.0
0.0

MFC_125 2
952 1 1.0
1 1 -1.0
0.0

MFC_126 2
954 1 1.0
3 1 -1.0
0.0

MFC_127 2
955 1 1.0
4 1 -1.0
0.0

MFC_128 2
956 1 1.0
5 1 -1.0
0.0

MFC_129 2
967 1 1.0
16 1 -1.0
0.0

MFC_130 2
972 1 1.0
21 1 -1.0
0.0

MFC_131 2
973 1 1.0
22 1 -1.0
0.0

MFC_132 2
976 1 1.0
25 1 -1.0
0.0

MFC_133 2
1862 2 1.0
2 2 -1.0
0.0

MFC_134 2
1863 2 1.0
3 2 -1.0
0.0

MFC_135 2
1864 2 1.0
4 2 -1.0
0.0

MFC_136 2
1867 2 1.0
7 2 -1.0
0.0

MFC_137 2
1870 2 1.0
10 2 -1.0
0.0

MFC_138 2
1872 2 1.0
12 2 -1.0
0.0

MFC_139 2
1874 2 1.0
14 2 -1.0
0.0

MFC_140 2
1878 2 1.0
18 2 -1.0
0.0

MFC_141 2
1888 2 1.0
28 2 -1.0
0.0

MFC_142 2
1890 2 1.0
30 2 -1.0
0.0

MFC_143 2
1893 2 1.0
33 2 -1.0
0.0

MFC_144 2
1895 2 1.0
35 2 -1.0
0.0

MFC_145 2
1896 2 1.0
36 2 -1.0
0.0

MFC_146 2
1899 2 1.0
39 2 -1.0
0.0

MFC_147 2
1906 2 1.0
46 2 -1.0
0.0

MFC_148 2
1908 2 1.0
48 2 -1.0
0.0

MFC_149 2
1915 2 1.0
55 2 -1.0
0.0

MFC_150 2
2014 2 1.0
161 2 -1.0
0.0

MFC_151 2
2015 2 1.0
162 2 -1.0
0.0

MFC_152 2
2016 2 1.0
163 2 -1.0
0.0

MFC_153 2
2019 2 1.0
166 2 -1.0
0.0

MFC_154 2
2022 2 1.0
169 2 -1.0
0.0

MFC_155 2
2024 2 1.0
171 2 -1.0
0.0

MFC_156 2
2031 2 1.0
178 2 -1.0
0.0

MFC_157 2
2033 2 1.0
180 2 -1.0
0.0

MFC_158 2
2036 2 1.0
183 2 -1.0
0.0

MFC_159 2
2038 2 1.0
185 2 -1.0
0.0

MFC_160 2
2193 2 1.0
340 2 -1.0
0.0

MFC_161 2
2195 2 1.0
342 2 -1.0
0.0

MFC_162 2
2197 2 1.0
344 2 -1.0
0.0

MFC_163 2
2198 2 1.0
345 2 -1.0
0.0

MFC_164 2
2212 2 1.0
359 2 -1.0
0.0

MFC_165 2
2213 2 1.0
360 2 -1.0
0.0

MFC_166 2
2765 2 1.0
940 2 -1.0
0.0

MFC_167 2
2766 2 1.0
941 2 -1.0
0.0

MFC_168 2
2778 2 1.0
953 2 -1.0
0.0

MFC_169 2
2779 2 1.0
954 2 -1.0
0.0

MFC_170 2
2780 2 1.0
955 2 -1.0
0.0

MFC_171 2
2783 2 1.0
958 2 -1.0
0.0

MFC_172 2
2786 2 1.0
961 2 -1.0
0.0

MFC_173 2
2788 2 1.0
963 2 -1.0
0.0

MFC_174 2
2790 2 1.0
965 2 -1.0
0.0

MFC_175 2
2794 2 1.0
969 2 -1.0
0.0

MFC_176 2
2804 2 1.0
979 2 -1.0
0.0

MFC_177 2
2806 2 1.0
981 2 -1.0
0.0

MFC_178 2
2809 2 1.0
984 2 -1.0
0.0

MFC_179 2
2811 2 1.0
986 2 -1.0
0.0

MFC_180 2
2812 2 1.0
987 2 -1.0
0.0

MFC_181 2
2815 2 1.0
990 2 -1.0
0.0

MFC_182 2
2822 2 1.0
997 2 -1.0
0.0

MFC_183 2
2824 2 1.0
999 2 -1.0
0.0

MFC_184 2
2831 2 1.0
1006 2 -1.0
0.0

MFC_185 2
2928 2 1.0
1107 2 -1.0
0.0

MFC_186 2
2929 2 1.0
1108 2 -1.0
0.0

MFC_187 2
2930 2 1.0
1109 2 -1.0
0.0

MFC_188 2
2933 2 1.0
1112 2 -1.0
0.0

MFC_189 2
2936 2 1.0
1115 2 -1.0
0.0

MFC_190 2
2938 2 1.0
1117 2 -1.0
0.0

MFC_191 2
2945 2 1.0
1124 2 -1.0
0.0

MFC_192 2
2947 2 1.0
1126 2 -1.0
0.0

MFC_193 2
2950 2 1.0
1129 2 -1.0
0.0

MFC_194 2
2952 2 1.0
1131 2 -1.0
0.0

MFC_195 2
3107 2 1.0
1286 2 -1.0
0.0

MFC_196 2
3109 2 1.0
1288 2 -1.0
0.0

MFC_197 2
3111 2 1.0
1290 2 -1.0
0.0

MFC_198 2
3112 2 1.0
1291 2 -1.0
0.0

MFC_199 2
3124 2 1.0
1303 2 -1.0
0.0

MFC_200 2
3125 2 1.0
1304 2 -1.0
0.0

MFC_201 2
3645 2 1.0
1849 2 -1.0
0.0

MFC_202 2
3646 2 1.0
1850 2 -1.0
0.0

MFC_203 2
5456 2 1.0
3658 2 -1.0
0.0

MFC_204 2
5457 2 1.0
3659 2 -1.0
0.0

MFC_205 2
5458 2 1.0
3660 2 -1.0
0.0

MFC_206 2
5461 2 1.0
3663 2 -1.0
0.0

MFC_207 2
5464 2 1.0
3666 2 -1.0
0.0

MFC_208 2
5466 2 1.0
3668 2 -1.0
0.0

MFC_209 2
5468 2 1.0
3670 2 -1.0
0.0

MFC_210 2
5472 2 1.0
3674 2 -1.0
0.0

MFC_211 2
5482 2 1.0
3684 2 -1.0
0.0

MFC_212 2
5484 2 1.0
3686 2 -1.0
0.0

MFC_213 2
5487 2 1.0
3689 2 -1.0
0.0

MFC_214 2
5489 2 1.0
3691 2 -1.0
0.0

MFC_215 2
5490 2 1.0
3692 2 -1.0
0.0

MFC_216 2
5493 2 1.0
3695 2 -1.0
0.0

MFC_217 2
5500 2 1.0
3702 2 -1.0
0.0

MFC_218 2
5502 2 1.0
3704 2 -1.0
0.0

MFC_219 2
5509 2 1.0
3711 2 -1.0
0.0

MFC_220 2
5605 2 1.0
3812 2 -1.0
0.0

MFC_221 2
5606 2 1.0
3813 2 -1.0
0.0

MFC_222 2
5607 2 1.0
3814 2 -1.0
0.0

MFC_223 2
5610 2 1.0
3817 2 -1.0
0.0

MFC_224 2
5613 2 1.0
3820 2 -1.0
0.0

MFC_225 2
5615 2 1.0
3822 2 -1.0
0.0

MFC_226 2
5622 2 1.0
3829 2 -1.0
0.0

MFC_227 2
5624 2 1.0
3831 2 -1.0
0.0

MFC_228 2
5627 2 1.0
3834 2 -1.0
0.0

MFC_229 2
5629 2 1.0
3836 2 -1.0
0.0

MFC_230 2
5784 2 1.0
3991 2 -1.0
0.0

MFC_231 2
5786 2 1.0
3993 2 -1.0
0.0

MFC_232 2
5788 2 1.0
3995 2 -1.0
0.0

MFC_233 2
5789 2 1.0
3996 2 -1.0
0.0

MFC_234 2
5803 2 1.0
4010 2 -1.0
0.0

MFC_235 2
5804 2 1.0
4011 2 -1.0
0.0

MFC_236 2
6332 2 1.0
4564 2 -1.0
0.0

MFC_237 2
6333 2 1.0
4565 2 -1.0
0.0

MFC_238 2
6343 2 1.0
4575 2 -1.0
0.0

MFC_239 2
6344 2 1.0
4576 2 -1.0
0.0

MFC_240 2
6345 2 1.0
4577 2 -1.0
0.0

MFC_241 2
6348 2 1.0
4580 2 -1.0
0.0

MFC_242 2
6351 2 1.0
4583 2 -1.0
0.0

MFC_243 2
6353 2 1.0
4585 2 -1.0
0.0

MFC_244 2
6355 2 1.0
4587 2 -1.0
0.0

MFC_245 2
6359 2 1.0
4591 2 -1.0
0.0

MFC_246 2
6369 2 1.0
4601 2 -1.0
0.0

MFC_247 2
6371 2 1.0
4603 2 -1.0
0.0

MFC_248 2
6374 2 1.0
4606 2 -1.0
0.0

MFC_249 2
6376 2 1.0
4608 2 -1.0
0.0

MFC_250 2
6377 2 1.0
4609 2 -1.0
0.0

MFC_251 2
6380 2 1.0
4612 2 -1.0
0.0

MFC_252 2
6387 2 1.0
4619 2 -1.0
0.0

MFC_253 2
6389 2 1.0
4621 2 -1.0
0.0

MFC_254 2
6396 2 1.0
4628 2 -1.0
0.0

MFC_255 2
6491 2 1.0
4726 2 -1.0
0.0

MFC_256 2
6492 2 1.0
4727 2 -1.0
0.0

MFC_257 2
6493 2 1.0
4728 2 -1.0
0.0

MFC_258 2
6496 2 1.0
4731 2 -1.0
0.0

MFC_259 2
6499 2 1.0
4734 2 -1.0
0.0

MFC_260 2
6501 2 1.0
4736 2 -1.0
0.0

MFC_261 2
6508 2 1.0
4743 2 -1.0
0.0

MFC_262 2
6510 2 1.0
4745 2 -1.0
0.0

MFC_263 2
6513 2 1.0
4748 2 -1.0
0.0

MFC_264 2
6515 2 1.0
4750 2 -1.0
0.0

MFC_265 2
6670 2 1.0
4905 2 -1.0
0.0

MFC_266 2
6672 2 1.0
4907 2 -1.0
0.0

MFC_267 2
6674 2 1.0
4909 2 -1.0
0.0

MFC_268 2
6675 2 1.0
4910 2 -1.0
0.0

MFC_269 2
6687 2 1.0
4922 2 -1.0
0.0

MFC_270 2
6688 2 1.0
4923 2 -1.0
0.0

MFC_271 2
7188 2 1.0
5445 2 -1.0
0.0

MFC_272 2
7189 2 1.0
5446 2 -1.0
0.0

MFC_273 2
3670 3 1.0
14 3 -1.0
0.0

MFC_274 2
3671 3 1.0
15 3 -1.0
0.0

MFC_275 2
3672 3 1.0
16 3 -1.0
0.0

MFC_276 2
3673 3 1.0
17 3 -1.0
0.0

MFC_277 2
3674 3 1.0
18 3 -1.0
0.0

MFC_278 2
3681 3 1.0
25 3 -1.0
0.0

MFC_279 2
3682 3 1.0
26 3 -1.0
0.0

MFC_280 2
3683 3 1.0
27 3 -1.0
0.0

MFC_281 2
3692 3 1.0
36 3 -1.0
0.0

MFC_282 2
3693 3 1.0
37 3 -1.0
0.0

MFC_283 2
3694 3 1.0
38 3 -1.0
0.0

MFC_284 2
3695 3 1.0
39 3 -1.0
0.0

MFC_285 2
3700 3 1.0
44 3 -1.0
0.0

MFC_286 2
3701 3 1.0
45 3 -1.0
0.0

MFC_287 2
3711 3 1.0
55 3 -1.0
0.0

MFC_288 2
3712 3 1.0
56 3 -1.0
0.0

MFC_289 2
3724 3 1.0
68 3 -1.0
0.0

MFC_290 2
3731 3 1.0
75 3 -1.0
0.0

MFC_291 2
3732 3 1.0
76 3 -1.0
0.0

MFC_292 2
3733 3 1.0
77 3 -1.0
0.0

MFC_293 2
3740 3 1.0
84 3 -1.0
0.0

MFC_294 2
3741 3 1.0
85 3 -1.0
0.0

MFC_295 2
3742 3 1.0
86 3 -1.0
0.0

MFC_296 2
3747 3 1.0
91 3 -1.0
0.0

MFC_297 2
3748 3 1.0
92 3 -1.0
0.0

MFC_298 2
3753 3 1.0
97 3 -1.0
0.0

MFC_299 2
3754 3 1.0
98 3 -1.0
0.0

MFC_300 2
3759 3 1.0
103 3 -1.0
0.0

MFC_301 2
3769 3 1.0
113 3 -1.0
0.0

MFC_302 2
3780 3 1.0
125 3 -1.0
0.0

MFC_303 2
3784 3 1.0
129 3 -1.0
0.0

MFC_304 2
3794 3 1.0
139 3 -1.0
0.0

MFC_305 2
3805 3 1.0
153 3 -1.0
0.0

MFC_306 2
4587 3 1.0
965 3 -1.0
0.0

MFC_307 2
4588 3 1.0
966 3 -1.0
0.0

MFC_308 2
4589 3 1.0
967 3 -1.0
0.0

MFC_309 2
4590 3 1.0
968 3 -1.0
0.0

MFC_310 2
4591 3 1.0
969 3 -1.0
0.0

MFC_311 2
4598 3 1.0
976 3 -1.0
0.0

MFC_312 2
4599 3 1.0
977 3 -1.0
0.0

MFC_313 2
4600 3 1.0
978 3 -1.0
0.0

MFC_314 2
4609 3 1.0
987 3 -1.0
0.0

MFC_315 2
4610 3 1.0
988 3 -1.0
0.0

MFC_316 2
4611 3 1.0
989 3 -1.0
0.0

MFC_317 2
4612 3 1.0
990 3 -1.0
0.0

MFC_318 2
4617 3 1.0
995 3 -1.0
0.0

MFC_319 2
4618 3 1.0
996 3 -1.0
0.0

MFC_320 2
4628 3 1.0
1006 3 -1.0
0.0

MFC_321 2
4629 3 1.0
1007 3 -1.0
0.0

MFC_322 2
4641 3 1.0
1019 3 -1.0
0.0

MFC_323 2
4648 3 1.0
1026 3 -1.0
0.0

MFC_324 2
4649 3 1.0
1027 3 -1.0
0.0

MFC_325 2
4650 3 1.0
1028 3 -1.0
0.0

MFC_326 2
4657 3 1.0
1035 3 -1.0
0.0

MFC_327 2
4658 3 1.0
1036 3 -1.0
0.0

MFC_328 2
4659 3 1.0
1037 3 -1.0
0.0

MFC_329 2
4664 3 1.0
1042 3 -1.0
0.0

MFC_330 2
4665 3 1.0
1043 3 -1.0
0.0

MFC_331 2
4670 3 1.0
1048 3 -1.0
0.0

MFC_332 2
4671 3 1.0
1049 3 -1.0
0.0

MFC_333 2
4676 3 1.0
1054 3 -1.0
0.0

MFC_334 2
4686 3 1.0
1064 3 -1.0
0.0

MFC_335 2
4694 3 1.0
1072 3 -1.0
0.0

MFC_336 2
4698 3 1.0
1076 3 -1.0
0.0

MFC_337 2
4708 3 1.0
1086 3 -1.0
0.0

MFC_338 2
4719 3 1.0
1099 3 -1.0
0.0

MFC_339 2
5468 3 1.0
1874 3 -1.0
0.0

MFC_340 2
5469 3 1.0
1875 3 -1.0
0.0

MFC_341 2
5470 3 1.0
1876 3 -1.0
0.0

MFC_342 2
5471 3 1.0
1877 3 -1.0
0.0

MFC_343 2
5472 3 1.0
1878 3 -1.0
0.0

MFC_344 2
5479 3 1.0
1885 3 -1.0
0.0

MFC_345 2
5480 3 1.0
1886 3 -1.0
0.0

MFC_346 2
5481 3 1.0
1887 3 -1.0
0.0

MFC_347 2
5490 3 1.0
1896 3 -1.0
0.0

MFC_348 2
5491 3 1.0
1897 3 -1.0
0.0

MFC_349 2
5492 3 1.0
1898 3 -1.0
0.0

MFC_350 2
5493 3 1.0
1899 3 -1.0
0.0

MFC_351 2
5498 3 1.0
1904 3 -1.0
0.0

MFC_352 2
5499 3 1.0
1905 3 -1.0
0.0

MFC_353 2
5509 3 1.0
1915 3 -1.0
0.0

MFC_354 2
5510 3 1.0
1916 3 -1.0
0.0

MFC_355 2
5522 3 1.0
1928 3 -1.0
0.0

MFC_356 2
5529 3 1.0
1935 3 -1.0
0.0

MFC_357 2
5530 3 1.0
1936 3 -1.0
0.0

MFC_358 2
5531 3 1.0
1937 3 -1.0
0.0

MFC_359 2
5538 3 1.0
1944 3 -1.0
0.0

MFC_360 2
5539 3 1.0
1945 3 -1.0
0.0

MFC_361 2
5540 3 1.0
1946 3 -1.0
0.0

MFC_362 2
5545 3 1.0
1951 3 -1.0
0.0

MFC_363 2
5546 3 1.0
1952 3 -1.0
0.0

MFC_364 2
5551 3 1.0
1957 3 -1.0
0.0

MFC_365 2
5552 3 1.0
1958 3 -1.0
0.0

MFC_366 2
5557 3 1.0
1963 3 -1.0
0.0

MFC_367 2
5567 3 1.0
1973 3 -1.0
0.0

MFC_368 2
5575 3 1.0
1982 3 -1.0
0.0

MFC_369 2
5578 3 1.0
1985 3 -1.0
0.0

MFC_370 2
5587 3 1.0
1994 3 -1.0
0.0

MFC_371 2
5598 3 1.0
2007 3 -1.0
0.0

MFC_372 2
6355 3 1.0
2790 3 -1.0
0.0

MFC_373 2
6356 3 1.0
2791 3 -1.0
0.0

MFC_374 2
6357 3 1.0
2792 3 -1.0
0.0

MFC_375 2
6358 3 1.0
2793 3 -1.0
0.0

MFC_376 2
6359 3 1.0
2794 3 -1.0
0.0

MFC_377 2
6366 3 1.0
2801 3 -1.0
0.0

MFC_378 2
6367 3 1.0
2802 3 -1.0
0.0

MFC_379 2
6368 3 1.0
2803 3 -1.0
0.0

MFC_380 2
6377 3 1.0
2812 3 -1.0
0.0

MFC_381 2
6378 3 1.0
2813 3 -1.0
0.0

MFC_382 2
6379 3 1.0
2814 3 -1.0
0.0

MFC_383 2
6380 3 1.0
2815 3 -1.0
0.0

MFC_384 2
6385 3 1.0
2820 3 -1.0
0.0

MFC_385 2
6386 3 1.0
2821 3 -1.0
0.0

MFC_386 2
6396 3 1.0
2831 3 -1.0
0.0

MFC_387 2
6397 3 1.0
2832 3 -1.0
0.0

MFC_388 2
6409 3 1.0
2844 3 -1.0
0.0

MFC_389 2
6416 3 1.0
2851 3 -1.0
0.0

MFC_390 2
6417 3 1.0
2852 3 -1.0
0.0

MFC_391 2
6418 3 1.0
2853 3 -1.0
0.0

MFC_392 2
6425 3 1.0
2860 3 -1.0
0.0

MFC_393 2
6426 3 1.0
2861 3 -1.0
0.0

MFC_394 2
6427 3 1.0
2862 3 -1.0
0.0

MFC_395 2
6432 3 1.0
2867 3 -1.0
0.0

MFC_396 2
6433 3 1.0
2868 3 -1.0
0.0

MFC_397 2
6438 3 1.0
2873 3 -1.0
0.0

MFC_398 2
6439 3 1.0
2874 3 -1.0
0.0

MFC_399 2
6444 3 1.0
2879 3 -1.0
0.0

MFC_400 2
6454 3 1.0
2889 3 -1.0
0.0

MFC_401 2
6461 3 1.0
2896 3 -1.0
0.0

MFC_402 2
6464 3 1.0
2899 3 -1.0
0.0

MFC_403 2
6473 3 1.0
2908 3 -1.0
0.0

MFC_404 2
6484 3 1.0
2921 3 -1.0
0.0

